World,Generation,Fitness,BaseRate,KinChange,CoopChange,DefectChange,GroupChange,CoopPercent,DefectPercent
0,0,281.84,-0.1804,-0.0344,-0.1108,-0.0828,-0.0528,0.3888,0.6112
0,1,145.36,-0.242081520478,-0.424205305669,-0.358719271651,0.130653474209,-0.270378976255,0.1916,0.8084
0,2,33.52,0.0357844924567,-0.300297403128,-0.345787042656,0.206159938918,-0.240337574597,0.043,0.957
0,3,14.4,0.209211163765,-0.260489022669,-0.298156068067,0.175778659286,-0.286581983065,0.0188,0.9812
0,4,21.6,0.260840584008,-0.125904963375,-0.298171642957,0.248656456135,-0.274051905426,0.0284,0.9716
0,5,19.68,0.235002256494,-0.254951590699,-0.279272471882,0.227279412082,-0.270100301218,0.0252,0.9748
0,6,23.04,0.214197885691,-0.592376117101,-0.224205402032,0.19274285452,-0.259973710644,0.03,0.97
0,7,15.6,0.216855543844,-0.601147749425,-0.227868551937,0.183652198448,-0.278214110297,0.0208,0.9792
0,8,20.0,0.199216936876,-0.856906498321,-0.191350039854,0.156633408081,-0.258460927719,0.0262,0.9738
0,9,16.0,0.200964858069,-0.859043798029,-0.19753101098,0.139980323399,-0.254160464292,0.0206,0.9794
0,10,18.64,0.20395370468,-0.790060276734,-0.203812480522,0.133907873961,-0.248796889774,0.0238,0.9762
0,11,28.0,0.202451507667,-0.989173221194,-0.18640344421,0.120734485751,-0.245852524358,0.0362,0.9638
0,12,19.84,0.200520777959,-0.981456736979,-0.180025983919,0.106632730828,-0.254675276694,0.0258,0.9742
0,13,22.64,0.20059975173,-0.979651019733,-0.185847375126,0.104298138458,-0.251710138269,0.0296,0.9704
0,14,19.76,0.197894705555,-0.979183560485,-0.176434140053,0.101461039739,-0.259693390516,0.0256,0.9744
0,15,13.12,0.170897706715,-0.966884169219,-0.15561892222,0.0962969106951,-0.266410632095,0.0168,0.9832
0,16,15.52,0.189835912866,-0.968996358749,-0.155373210724,0.0782958554489,-0.280059017455,0.0198,0.9802
0,17,22.0,0.237921320272,-0.971665173852,-0.184181316416,0.0684248428179,-0.271808733186,0.028,0.972
0,18,16.16,0.22162789948,-0.982020492415,-0.15897955977,0.0736464459984,-0.282342842554,0.021,0.979
0,19,10.72,0.187945423668,-0.974355628726,-0.137988489822,0.0761523101825,-0.276571771174,0.0138,0.9862
0,20,14.8,0.173841773607,-0.962496458549,-0.125690981916,0.0774462042645,-0.270793142496,0.019,0.981
0,21,19.84,0.191983488557,-0.972296677292,-0.138843789241,0.0681217815812,-0.282875697669,0.0256,0.9744
0,22,21.76,0.193544457995,-0.979044094048,-0.135031254353,0.085733406109,-0.278493757832,0.0282,0.9718
0,23,17.04,0.171961339379,-0.972941448011,-0.113383110752,0.0979168410726,-0.270604489972,0.0222,0.9778
0,24,18.88,0.177908107006,-0.974253469287,-0.120750014174,0.0993177596351,-0.28304642761,0.0244,0.9756
0,25,15.6,0.161296683399,-0.964196979241,-0.095312035571,0.0989767378958,-0.261813795242,0.0198,0.9802
0,26,13.44,0.161483899386,-0.959636288299,-0.110826055702,0.111611857017,-0.264583399355,0.017,0.983
0,27,12.88,0.16011283569,-0.96332230592,-0.106966295359,0.114474437297,-0.262123097329,0.0168,0.9832
0,28,11.68,0.154861718717,-0.962045730902,-0.117936642988,0.100191037105,-0.264888864724,0.015,0.985
0,29,17.36,0.153758409261,-0.950611779506,-0.131789803143,0.108697572168,-0.255977360952,0.022,0.978
0,30,14.96,0.155884884627,-0.943917780019,-0.134340298386,0.127438908946,-0.248250466753,0.0192,0.9808
0,31,17.12,0.149482325188,-0.942451110371,-0.130160020699,0.138129902705,-0.244420549241,0.022,0.978
0,32,13.12,0.15268707771,-0.949589903283,-0.111694240907,0.179156991162,-0.244128186193,0.017,0.983
0,33,13.04,0.154314700493,-0.945099466013,-0.0998948012817,0.197103810367,-0.24224696597,0.0164,0.9836
0,34,13.68,0.162884624489,-0.952866762836,-0.12985195887,0.161015892602,-0.248702697225,0.0174,0.9826
0,35,15.44,0.174201295392,-0.944277054206,-0.135276092641,0.199461114835,-0.240978441752,0.02,0.98
0,36,20.56,0.186692131329,-0.939047995238,-0.134484864159,0.188399221946,-0.252205476802,0.0264,0.9736
0,37,19.36,0.189648179663,-0.957688189405,-0.12671249004,0.167808934999,-0.243680379075,0.0254,0.9746
0,38,19.04,0.199581116777,-0.95826854733,-0.134702363007,0.147555811801,-0.243376666993,0.0246,0.9754
0,39,19.68,0.195396740483,-0.946575255289,-0.124144358523,0.180437902963,-0.250902107093,0.0256,0.9744
0,40,16.64,0.175991252559,-0.96541555528,-0.11648721956,0.207718064269,-0.271359168838,0.0216,0.9784
0,41,18.56,0.178159889511,-0.948138783031,-0.127955611369,0.255850644026,-0.244498539761,0.0238,0.9762
0,42,12.48,0.168717336281,-0.951099171415,-0.126231039459,0.254873231702,-0.263495312817,0.0162,0.9838
0,43,20.8,0.193613335907,-0.945421102927,-0.110481502501,0.282939382916,-0.241771808447,0.0266,0.9734
0,44,22.24,0.185139871965,-0.941788251316,-0.106412306938,0.33824612232,-0.24791551192,0.0286,0.9714
0,45,16.32,0.180378424536,-0.951627667864,-0.107305936492,0.33782659905,-0.270987652633,0.0214,0.9786
0,46,12.96,0.178278506996,-0.952857057351,-0.11411061521,0.317596519999,-0.27366031435,0.017,0.983
0,47,9.68,0.175048312425,-0.959932193602,-0.114587129329,0.300704121607,-0.277521659367,0.0126,0.9874
0,48,11.04,0.16817037808,-0.953227062032,-0.115084252455,0.291365926638,-0.261107442915,0.0144,0.9856
0,49,10.72,0.171282173445,-0.954553689524,-0.11141285905,0.303164565458,-0.255599594377,0.014,0.986
0,50,12.4,0.181960381527,-0.953647792,-0.112562764543,0.32197222589,-0.241744248155,0.0162,0.9838
0,51,19.36,0.178471181645,-0.954434691794,-0.10885268187,0.326127814169,-0.231719831943,0.0254,0.9746
0,52,13.76,0.182380150673,-0.943076795614,-0.108731250348,0.34614514449,-0.244099453138,0.018,0.982
0,53,13.84,0.177490035966,-0.94361025935,-0.103350578591,0.323900953316,-0.251141519985,0.0176,0.9824
0,54,17.6,0.167617449652,-0.942882784578,-0.113834711543,0.340014372162,-0.234701427862,0.0226,0.9774
0,55,18.8,0.184953511278,-0.933955612733,-0.108887443105,0.386165964366,-0.220191230764,0.0244,0.9756
0,56,16.24,0.163604242958,-0.928800997267,-0.115431931572,0.354062021004,-0.22827032471,0.0206,0.9794
0,57,18.32,0.141613271207,-0.94771627662,-0.11239705099,0.331469534014,-0.246926153662,0.0238,0.9762
0,58,17.52,0.154355236877,-0.946776224814,-0.106558843504,0.367737172008,-0.235646941655,0.0224,0.9776
0,59,25.52,0.178068909499,-0.949190588475,-0.0952380105373,0.419286729154,-0.206126646798,0.0326,0.9674
0,60,21.28,0.174538387532,-0.953197034465,-0.0940156196526,0.411045767228,-0.204789894522,0.0274,0.9726
0,61,25.52,0.173359919007,-0.957387071981,-0.0846540609006,0.434044622456,-0.19867942318,0.0326,0.9674
0,62,18.4,0.1720624743,-0.957932595628,-0.085323574737,0.43120261306,-0.187667178087,0.0236,0.9764
0,63,16.72,0.164992186871,-0.964358774448,-0.084262544999,0.443061305723,-0.200323425175,0.0214,0.9786
0,64,22.64,0.174200690263,-0.965037786387,-0.0803018924633,0.43742190006,-0.19582920535,0.0288,0.9712
0,65,28.24,0.171490770558,-0.957396874315,-0.0690808099986,0.415461584346,-0.19441588467,0.0358,0.9642
0,66,23.92,0.171200697976,-0.967852321002,-0.0832999731895,0.415706096922,-0.191305629333,0.0304,0.9696
0,67,21.84,0.160642145793,-0.945387380995,-0.0678018888206,0.411808711712,-0.189251188909,0.0282,0.9718
0,68,21.68,0.155533448295,-0.937602131507,-0.0554712120658,0.414040468221,-0.190612983202,0.0278,0.9722
0,69,16.88,0.151877046466,-0.926175091275,-0.0424761436344,0.413703200356,-0.18647045122,0.0218,0.9782
0,70,18.8,0.158887169105,-0.932772984087,-0.0365074698493,0.405812434149,-0.181050895096,0.024,0.976
0,71,21.6,0.142323136543,-0.931554415458,-0.0346505138077,0.407267925354,-0.167605988288,0.0274,0.9726
0,72,19.52,0.148342173838,-0.939246957604,-0.0320697906995,0.401809162384,-0.164599889106,0.0248,0.9752
0,73,27.28,0.142947259847,-0.936005663808,-0.0408113515479,0.401363735442,-0.169431720432,0.0354,0.9646
0,74,23.44,0.137365776975,-0.927582765564,-0.0512174479428,0.401728063054,-0.16893128163,0.0304,0.9696
0,75,15.04,0.126759875988,-0.914729684277,-0.039008540037,0.399486790096,-0.158776860904,0.0192,0.9808
0,76,38.56,0.116148386885,-0.904485811323,-0.0219619547536,0.385478928024,-0.138116378183,0.0486,0.9514
0,77,61.44,0.187200675391,-0.920395243634,-0.0323227676777,0.372776353297,-0.0799432409792,0.0794,0.9206
0,78,48.48,0.18925237249,-0.924993022934,-0.0299229786354,0.368547190852,-0.0818800207508,0.0622,0.9378
0,79,40.8,0.182375295355,-0.934024292814,-0.0448727863836,0.373143615053,-0.0907077377322,0.0526,0.9474
0,80,43.68,0.17680689379,-0.929212067613,-0.0377165866389,0.381210176389,-0.0846755028051,0.0562,0.9438
0,81,41.2,0.178395210892,-0.914266218112,-0.0377499890218,0.396297598092,-0.0882951141645,0.0524,0.9476
0,82,43.68,0.191327767461,-0.923224815987,-0.064312890135,0.375327991921,-0.0779201915511,0.0558,0.9442
0,83,46.0,0.201248953718,-0.91989430019,-0.0481747316826,0.344436107558,-0.0753981251964,0.0588,0.9412
0,84,44.72,0.199776427871,-0.912187926053,-0.0527237713181,0.343425888258,-0.0789808353813,0.058,0.942
0,85,51.84,0.203906643494,-0.922326982496,-0.0485492567086,0.363726676979,-0.0765648035683,0.0666,0.9334
0,86,44.64,0.204182825878,-0.935723604243,-0.042003934653,0.370217506888,-0.0780631072983,0.0578,0.9422
0,87,57.84,0.202014887181,-0.939375743633,-0.0489677142212,0.387531178483,-0.0850711992592,0.0744,0.9256
0,88,69.36,0.213539746652,-0.948512666543,-0.0556857655536,0.389926444259,-0.0929179083981,0.089,0.911
0,89,62.08,0.215928035217,-0.941987200428,-0.053421123181,0.387726521398,-0.0967149795758,0.08,0.92
0,90,34.48,0.195415737294,-0.937122852799,-0.0557138646109,0.39168539018,-0.115242622,0.045,0.955
0,91,31.44,0.186757292082,-0.950644398875,-0.0670340234309,0.384741035306,-0.121445649118,0.0406,0.9594
0,92,29.12,0.196714398715,-0.953370323521,-0.0557948676444,0.384886988918,-0.127903472953,0.0376,0.9624
0,93,37.52,0.191546034244,-0.960497738961,-0.0728910668887,0.363451093116,-0.149191555367,0.0486,0.9514
0,94,38.16,0.161594285597,-0.967105492646,-0.117158832041,0.374673513985,-0.178375015055,0.0486,0.9514
0,95,18.96,0.13232020028,-0.97983099353,-0.166220551188,0.394473753222,-0.222523860723,0.0242,0.9758
0,96,14.08,0.12372871721,-0.96779446523,-0.182845380463,0.364405798945,-0.236296888322,0.0182,0.9818
0,97,11.92,0.105549547097,-0.970246776175,-0.196198541753,0.366192772295,-0.240841076314,0.0154,0.9846
0,98,12.56,0.0959588155562,-0.973837642529,-0.195147506994,0.368990507373,-0.249618165646,0.016,0.984
0,99,8.24,0.10192910833,-0.972662879572,-0.192648553251,0.367448631704,-0.257625435527,0.0104,0.9896
1,0,309.68,0.0252,0.05,-0.212,0.064,-0.0092,0.4192,0.5808
1,1,199.84,0.0247835768943,-0.043755815937,-0.326858851903,0.123360467035,-0.201251778623,0.257,0.743
1,2,174.88,-0.299686754307,-0.016511106588,-0.418465828097,0.0149437992969,-0.310295086701,0.226,0.774
1,3,71.68,-0.515584907083,-0.142962419693,-0.384779844604,0.00997484596852,-0.466400568176,0.0926,0.9074
1,4,14.72,0.0227588517993,0.675632742017,-0.520352618126,0.0920504172395,-0.802846264432,0.0192,0.9808
1,5,10.24,0.0247881089242,0.67666033273,-0.516244518746,0.104464235358,-0.803008765185,0.0132,0.9868
1,6,9.52,-0.056508715339,0.57575597031,-0.483936462529,0.190536709609,-0.727790705845,0.0124,0.9876
1,7,9.12,-0.109318728019,0.465932461306,-0.319937279774,0.248113328763,-0.695226899245,0.0116,0.9884
1,8,5.6,-0.202231081637,0.29251744961,-0.0842086820077,0.332389351116,-0.646798759398,0.0072,0.9928
1,9,7.92,-0.144173595453,0.370076772723,-0.121072750651,0.273831764745,-0.684440510238,0.01,0.99
1,10,4.32,-0.180745866216,0.273117961334,-0.00623501326097,0.313280384487,-0.641678760484,0.0056,0.9944
1,11,4.4,-0.231059551662,0.213875678746,-0.0321045382396,0.356358337876,-0.583593062097,0.0056,0.9944
1,12,4.16,-0.255264678303,0.130899628832,0.155456936473,0.369100935592,-0.57596643902,0.0052,0.9948
1,13,2.72,-0.305398557262,0.0539929388588,0.200603928937,0.413209447411,-0.528015776242,0.0034,0.9966
1,14,2.8,-0.182570128247,0.260627884482,-0.0126662955676,0.266465141405,-0.632752786685,0.0036,0.9964
1,15,1.44,-0.304325529757,0.0827372873673,0.0550540130318,0.396967990937,-0.52162757059,0.0018,0.9982
1,16,4.0,-0.204641137654,0.225150334599,-0.0398014116525,0.278826562415,-0.603234577409,0.005,0.995
1,17,7.76,-0.112881974678,0.385725770768,-0.191271359265,0.177632763366,-0.67844484082,0.01,0.99
1,18,8.08,-0.068776187465,0.527675377946,-0.425360897915,0.130416705871,-0.69182270241,0.0102,0.9898
1,19,8.4,-0.0068001465956,0.653249679613,-0.65767811698,0.0600876913414,-0.70958709401,0.011,0.989
1,20,9.04,0.0379870442456,0.726578548226,-0.708755443363,0.0107876451594,-0.763641746186,0.0116,0.9884
1,21,11.12,0.0197841471252,0.651817561176,-0.530400176683,0.0294771560748,-0.757342819142,0.0146,0.9854
1,22,11.2,0.0130241396167,0.610743347284,-0.411420724283,0.0414390093239,-0.770259659486,0.0142,0.9858
1,23,5.84,-0.0456214691906,0.507237214883,-0.313131654237,0.095324890497,-0.728070973247,0.0076,0.9924
1,24,7.2,-0.0445006274169,0.517193625163,-0.326596620056,0.101924544312,-0.736358839068,0.0092,0.9908
1,25,7.68,0.00499069553585,0.590495575183,-0.398986032024,0.0554514585071,-0.779555009095,0.01,0.99
1,26,11.84,0.0860521254503,0.748587844324,-0.534692380079,-0.0213403059701,-0.849952639165,0.0154,0.9846
1,27,11.76,0.152516835279,0.887080943411,-0.673273108999,-0.0855197282091,-0.92467241128,0.0148,0.9852
1,28,12.88,0.143641062995,0.900258352076,-0.671989453149,-0.0978895293358,-0.927465864237,0.017,0.983
1,29,12.4,0.164226333151,0.922299758986,-0.672992026926,-0.093014266246,-0.927759048929,0.0166,0.9834
1,30,9.92,0.189173428123,0.944649162758,-0.659494503891,-0.0845004170363,-0.923982424071,0.0128,0.9872
1,31,9.68,0.186592259856,0.941468449794,-0.670444981914,-0.0899940640647,-0.92363866395,0.0126,0.9874
1,32,13.36,0.197188537039,0.944459842399,-0.657969456168,-0.0871436901777,-0.924952057151,0.0178,0.9822
1,33,7.36,0.180462602071,0.94138283093,-0.66879245086,-0.0825302085798,-0.923532749171,0.0096,0.9904
1,34,8.0,0.181044037074,0.95833978931,-0.672886255758,-0.0672651466455,-0.914132428227,0.0106,0.9894
1,35,10.4,0.178088143353,0.968552867382,-0.668411383922,-0.0714647608457,-0.919486255781,0.0134,0.9866
1,36,8.0,0.165405523344,0.976449713089,-0.673741855283,-0.0627627759116,-0.925852958626,0.0106,0.9894
1,37,10.08,0.144689025859,0.976561295682,-0.70408103476,-0.0666955862223,-0.935028538059,0.0136,0.9864
1,38,11.28,0.129311866223,0.970602285113,-0.726821709054,-0.0604686783311,-0.926219247986,0.0146,0.9854
1,39,9.44,0.131812939902,0.973475569107,-0.731220958532,-0.0582238152017,-0.925881820843,0.0122,0.9878
1,40,12.08,0.134422135652,0.971891386722,-0.730496925048,-0.0613694676087,-0.923950541183,0.0156,0.9844
1,41,10.32,0.146544507707,0.969283048529,-0.738731694242,-0.0649742121937,-0.929678917394,0.0134,0.9866
1,42,9.52,0.1389031086,0.959789605855,-0.728881988536,-0.0650575489927,-0.918372134238,0.0126,0.9874
1,43,9.44,0.142047176412,0.962891539618,-0.733238874218,-0.0662748828772,-0.912999764393,0.0124,0.9876
1,44,7.44,0.131768916271,0.960935540519,-0.731173499985,-0.0673747086108,-0.905668145508,0.0098,0.9902
1,45,8.48,0.13501140052,0.965693740332,-0.733518138391,-0.0725455454378,-0.90688691292,0.011,0.989
1,46,7.52,0.14433017619,0.966909230058,-0.754000293197,-0.0554670815283,-0.896487472359,0.0096,0.9904
1,47,7.84,0.129301485832,0.964664055915,-0.756472825629,-0.0639892976324,-0.911253933796,0.0102,0.9898
1,48,8.08,0.11581452601,0.966484221334,-0.744566030434,-0.0646207872885,-0.923196141927,0.0102,0.9898
1,49,10.64,0.103613101131,0.960817085904,-0.713462924373,-0.0616458844336,-0.940976693973,0.0136,0.9864
1,50,7.6,0.0934434750242,0.966099787421,-0.724655296663,-0.0750623472218,-0.958719543401,0.0096,0.9904
1,51,6.48,0.0821910467431,0.963958027312,-0.719209264735,-0.072352737789,-0.964599052025,0.0082,0.9918
1,52,8.0,0.0753673194394,0.965165316496,-0.711298990078,-0.0585997078356,-0.967452491115,0.0104,0.9896
1,53,9.2,0.0768109246163,0.970883236193,-0.687433730264,-0.0420885256626,-0.96783209317,0.0118,0.9882
1,54,8.56,0.0741562560749,0.973025084573,-0.669324595236,-0.0389092952649,-0.976537822313,0.0112,0.9888
1,55,8.0,0.0962735517273,0.975690801933,-0.648647233907,-0.0428056377963,-0.967924490044,0.01,0.99
1,56,8.24,0.0844237020388,0.970621565598,-0.648748423772,-0.0593024849848,-0.977732892195,0.0108,0.9892
1,57,9.52,0.0727978047268,0.966631373767,-0.614862546398,-0.0696197618551,-0.946162097017,0.0122,0.9878
1,58,6.24,0.0610549735603,0.966268428868,-0.615850473731,-0.0607663071691,-0.938606362836,0.008,0.992
1,59,10.8,0.0544803497886,0.965565199845,-0.594907905936,-0.067215025496,-0.956551903584,0.0138,0.9862
1,60,7.12,0.0506534458616,0.959644281481,-0.603481694881,-0.0513527091477,-0.969451455567,0.0092,0.9908
1,61,4.32,0.0402344172499,0.957583797708,-0.598560477187,-0.0803221922015,-0.988591348042,0.0058,0.9942
1,62,6.88,0.0388818748387,0.970767683503,-0.573351499048,-0.0973777592489,-0.994970983865,0.0086,0.9914
1,63,8.0,0.0390405632586,0.976292515227,-0.555435964388,-0.103777094148,-0.99065360805,0.0104,0.9896
1,64,6.56,0.040860927232,0.975680548352,-0.536817801665,-0.0987114736845,-0.991444643089,0.0084,0.9916
1,65,8.64,0.0505217168112,0.973479645405,-0.532795593251,-0.0991261725708,-0.982086102425,0.0112,0.9888
1,66,7.04,0.0397057657893,0.966184229013,-0.519476551413,-0.097181017719,-0.99121803193,0.0092,0.9908
1,67,5.44,0.0323677545736,0.963938150078,-0.509301134045,-0.103838884982,-0.990469315885,0.007,0.993
1,68,6.96,0.0363192019171,0.951955055482,-0.502773816762,-0.103934794023,-0.986045643344,0.0094,0.9906
1,69,8.4,0.0354546084873,0.941001180543,-0.502417204643,-0.102776390838,-0.968176998583,0.0108,0.9892
1,70,9.12,0.0307400877834,0.934998288241,-0.508211951406,-0.107610576804,-0.950854121996,0.012,0.988
1,71,6.16,0.0412655902989,0.929645283464,-0.494484660911,-0.104951786886,-0.961371167752,0.0078,0.9922
1,72,8.08,0.0340737156336,0.936085975218,-0.487961880334,-0.0959948944061,-0.959730571988,0.0102,0.9898
1,73,8.4,0.0376398072776,0.938620038033,-0.477337774014,-0.100137135486,-0.963658115861,0.0108,0.9892
1,74,6.32,0.0330253097666,0.946069638057,-0.480368244842,-0.0965804594235,-0.958375670602,0.008,0.992
1,75,7.44,0.0368506499738,0.959112685371,-0.481659429195,-0.100148803269,-0.964367008521,0.0094,0.9906
1,76,8.64,0.0392294817729,0.969006151518,-0.50687461409,-0.105795000789,-0.959995019314,0.011,0.989
1,77,7.28,0.0467724447184,0.969202157987,-0.500359147695,-0.0987189742922,-0.950625069136,0.0092,0.9908
1,78,7.6,0.0487143478374,0.963249070757,-0.524300219585,-0.0952532241488,-0.959335136015,0.0096,0.9904
1,79,5.84,0.0414697123884,0.960979277018,-0.552443402249,-0.101769953376,-0.991912094234,0.0074,0.9926
1,80,6.72,0.0467713384835,0.934195386596,-0.556191964117,-0.0955523069748,-0.992492286101,0.0086,0.9914
1,81,10.72,0.041229177888,0.929200697379,-0.557127805708,-0.108219644528,-0.983939113356,0.0138,0.9862
1,82,7.44,0.0366950857809,0.926785178166,-0.539908685994,-0.103115033816,-0.96893525398,0.0094,0.9906
1,83,6.96,0.0264649406888,0.932548209098,-0.532261414204,-0.117988484685,-0.949595297209,0.0088,0.9912
1,84,8.72,0.0349700751035,0.929947731247,-0.534027772893,-0.128118233304,-0.939954601625,0.0112,0.9888
1,85,9.44,0.0563958598486,0.957337379686,-0.524707460034,-0.141959712285,-0.94152051635,0.012,0.988
1,86,10.0,0.0426108478994,0.960968159263,-0.54057559438,-0.166645211452,-0.952510812936,0.013,0.987
1,87,6.72,0.0442230028496,0.957508246786,-0.567405336722,-0.156926048278,-0.951798196269,0.0084,0.9916
1,88,7.44,0.0491358468854,0.942636796729,-0.554976032888,-0.148236826201,-0.935977464509,0.0096,0.9904
1,89,5.68,0.0448833561853,0.94537543369,-0.560030479855,-0.148205481246,-0.923687904075,0.0074,0.9926
1,90,7.12,0.0470570410686,0.931918736548,-0.557624114086,-0.136225493819,-0.915715841942,0.0092,0.9908
1,91,6.24,0.0521251440288,0.942400905685,-0.560329427394,-0.123128690156,-0.892671806704,0.008,0.992
1,92,7.44,0.0654794367237,0.954849807127,-0.576854344691,-0.123384320743,-0.891082536464,0.0096,0.9904
1,93,6.24,0.0638883802246,0.949586326737,-0.57019065567,-0.139895723,-0.889152055165,0.008,0.992
1,94,5.52,0.0651705175718,0.949069177205,-0.557373922592,-0.148299542281,-0.909159401396,0.007,0.993
1,95,6.64,0.0603126938767,0.938222363159,-0.557880040475,-0.140860394821,-0.888050062898,0.0086,0.9914
1,96,3.28,0.0638161381624,0.942804108365,-0.584156388992,-0.131707883891,-0.886690039164,0.0042,0.9958
1,97,7.28,0.0560638783046,0.937050357907,-0.548296795036,-0.107126825131,-0.873610109322,0.0092,0.9908
1,98,7.28,0.0659684266257,0.947895638172,-0.555398042478,-0.115775139229,-0.882907119856,0.0094,0.9906
1,99,6.8,0.0721170734095,0.946363734894,-0.547088169577,-0.117779702544,-0.892023757376,0.0088,0.9912
2,0,276.48,-0.176,0.0204,0.0516,0.128,-0.03,0.4094,0.5906
2,1,378.32,-0.294194832925,-0.154291372656,-0.0332380716915,0.132039405034,0.0228192840518,0.5786,0.4214
2,2,275.28,-0.32652710731,-0.191236425655,0.0359750749377,0.240819246654,-0.116306318746,0.4244,0.5756
2,3,477.52,-0.324968138598,0.241499038222,0.274348011812,0.636873563628,0.561937343719,0.7534,0.2466
2,4,460.88,-0.519850533658,0.352110841181,0.272377227424,0.630125103755,0.595061238997,0.7396,0.2604
2,5,456.56,-0.526272542535,0.258806674604,0.369039973329,0.689237481429,0.463689745234,0.7396,0.2604
2,6,317.36,-0.433667026049,-0.00986196168917,0.344137649133,0.574454241022,0.109692451665,0.5178,0.4822
2,7,511.6,-0.486510637493,0.473969531821,0.282475744838,0.77516157142,0.605739341626,0.8324,0.1676
2,8,510.0,-0.577182360364,0.573867936004,0.355853811924,0.853256255909,0.713122592147,0.8364,0.1636
2,9,520.08,-0.566917737433,0.632456442263,0.319055720419,0.869880949888,0.779942941639,0.8568,0.1432
2,10,534.88,-0.668845777738,0.707336097253,0.33598076106,0.889396094601,0.820412685812,0.886,0.114
2,11,522.0,-0.74122392482,0.724579350219,0.355337230782,0.908259135633,0.861069186878,0.8646,0.1354
2,12,528.48,-0.847240182707,0.766931663214,0.388379622105,0.93441194788,0.906800654545,0.8762,0.1238
2,13,532.88,-0.845433288395,0.751422906242,0.398764264955,0.928888264146,0.913584885442,0.8842,0.1158
2,14,517.44,-0.909431955999,0.775897592728,0.427669923955,0.941142752865,0.954085638099,0.859,0.141
2,15,528.56,-0.91994898016,0.768946112811,0.425332901657,0.944227018405,0.956727913626,0.8766,0.1234
2,16,510.48,-0.907209799645,0.753170766211,0.428128616774,0.940522577075,0.942628840923,0.845,0.155
2,17,520.16,-0.874496720802,0.776752589889,0.441754883697,0.941142258663,0.939243956956,0.862,0.138
2,18,528.88,-0.861156920566,0.770841162958,0.444422361747,0.940734306383,0.936035017699,0.8776,0.1224
2,19,522.24,-0.858581967784,0.747228586177,0.442491671219,0.937933547698,0.905842134495,0.8648,0.1352
2,20,524.32,-0.805256418198,0.776539768359,0.470662307615,0.9365760318,0.878054132173,0.8694,0.1306
2,21,530.64,-0.819835739588,0.74996633229,0.449462767389,0.94459185394,0.847058936717,0.88,0.12
2,22,530.48,-0.787361604724,0.792697039623,0.493063571366,0.939906380738,0.872459396058,0.88,0.12
2,23,516.16,-0.793909781111,0.76198968136,0.464850950526,0.945474728717,0.846972085003,0.8548,0.1452
2,24,505.2,-0.780334464644,0.80958206424,0.494493339394,0.95361423084,0.875274191446,0.836,0.164
2,25,508.72,-0.777925125134,0.783833273752,0.482435849211,0.956566577994,0.880447348978,0.8416,0.1584
2,26,508.8,-0.795740888635,0.813728172254,0.505502221342,0.94748201018,0.893884447082,0.8428,0.1572
2,27,506.08,-0.812924537949,0.799583404457,0.520733421551,0.945570900443,0.901592573012,0.8372,0.1628
2,28,494.64,-0.816346925259,0.79582801986,0.528947370239,0.946041140004,0.894723126748,0.8176,0.1824
2,29,481.76,-0.813898399106,0.800848147691,0.525512406717,0.948298639094,0.909895113695,0.795,0.205
2,30,492.24,-0.80523025557,0.807751534915,0.525653835541,0.94566297532,0.896269446843,0.8136,0.1864
2,31,477.36,-0.796757376002,0.815092689493,0.519080295386,0.951746080551,0.885966130785,0.7872,0.2128
2,32,466.64,-0.777627108225,0.861462405145,0.545806990143,0.954406047914,0.919929935988,0.769,0.231
2,33,476.88,-0.764613722334,0.867729913848,0.539727921197,0.951359861561,0.943254591918,0.7874,0.2126
2,34,478.56,-0.760555612909,0.864321595467,0.551065536078,0.946294009049,0.952233998399,0.7896,0.2104
2,35,477.36,-0.755033738172,0.85299469152,0.562661270631,0.948118133614,0.955552251066,0.7874,0.2126
2,36,474.16,-0.754162917038,0.845196698307,0.557653916805,0.9496213254,0.957861855206,0.7816,0.2184
2,37,487.44,-0.755525939859,0.831879957819,0.558168354744,0.948872144196,0.945965394126,0.8044,0.1956
2,38,471.76,-0.758302329145,0.840445531853,0.554054755582,0.947273111171,0.948453989329,0.7782,0.2218
2,39,478.4,-0.773622098515,0.819930331845,0.564444809241,0.948854797029,0.95361563278,0.7892,0.2108
2,40,477.68,-0.764370922475,0.825358017299,0.555516622184,0.949494469496,0.950592375054,0.7882,0.2118
2,41,484.32,-0.762877350658,0.819741258873,0.551162917213,0.944971591185,0.940606906398,0.7994,0.2006
2,42,484.4,-0.77144423324,0.823653187533,0.550549600159,0.942518589712,0.943137327324,0.7998,0.2002
2,43,473.28,-0.773354947962,0.824157327509,0.544316534255,0.932623083631,0.939641030292,0.7814,0.2186
2,44,478.48,-0.764142461592,0.85401577956,0.550249148632,0.942616834103,0.946093828651,0.7906,0.2094
2,45,479.76,-0.773108863572,0.850490245512,0.53602412322,0.943313082427,0.942328278052,0.7918,0.2082
2,46,482.08,-0.773464306402,0.857718631357,0.524635647123,0.94260133879,0.94709310907,0.7956,0.2044
2,47,494.56,-0.767377562184,0.871257725769,0.517151181094,0.942542082581,0.947926666413,0.8174,0.1826
2,48,510.96,-0.749968991851,0.885368681304,0.503018745422,0.952277811079,0.950244388205,0.8456,0.1544
2,49,511.92,-0.738065641306,0.890560750876,0.492468635095,0.952158468196,0.944838113335,0.8468,0.1532
2,50,502.8,-0.752366540011,0.889516047186,0.499329722891,0.943632782549,0.950992454556,0.8296,0.1704
2,51,509.76,-0.750199018254,0.880775564057,0.483481961925,0.945949585765,0.93954500516,0.8428,0.1572
2,52,506.4,-0.74881451552,0.908438100373,0.476085474472,0.955508135082,0.939074973825,0.8374,0.1626
2,53,511.84,-0.772034685244,0.882629234211,0.46827699165,0.951210071306,0.945501848104,0.8458,0.1542
2,54,519.68,-0.753421363447,0.914878723014,0.487774712718,0.95759995464,0.929640137638,0.8604,0.1396
2,55,516.88,-0.75964248322,0.924192943762,0.495827763539,0.943567101611,0.923860294936,0.8566,0.1434
2,56,510.72,-0.758443094764,0.924863079075,0.482721162211,0.945235761862,0.922873781822,0.8452,0.1548
2,57,511.12,-0.769113395782,0.914675756997,0.493456200667,0.930206759932,0.935839407936,0.8452,0.1548
2,58,509.2,-0.767464087284,0.956914548831,0.480374013419,0.945224563225,0.92477011056,0.8426,0.1574
2,59,501.92,-0.769050002627,0.959635225822,0.475367457202,0.941740894367,0.935959182441,0.8304,0.1696
2,60,509.04,-0.76832084569,0.960109963841,0.464520479624,0.943970928784,0.928629582191,0.8422,0.1578
2,61,495.28,-0.773091829921,0.951081970584,0.465334401795,0.933911056869,0.934994352112,0.819,0.181
2,62,515.6,-0.776626547772,0.955726964799,0.430281152126,0.937443354526,0.921198191669,0.8546,0.1454
2,63,525.28,-0.792524525881,0.955378568304,0.42514863775,0.92748425057,0.917079618272,0.8706,0.1294
2,64,511.36,-0.835283006427,0.935814901744,0.431734573569,0.907187514756,0.942186997526,0.8478,0.1522
2,65,503.28,-0.849893783511,0.911626346015,0.473417382987,0.907546185293,0.945349009668,0.834,0.166
2,66,508.4,-0.881764707828,0.903412693661,0.481888276833,0.906258335205,0.952743643064,0.8426,0.1574
2,67,491.84,-0.90926404616,0.893273123149,0.47890265823,0.891297612877,0.972178459701,0.8144,0.1856
2,68,494.72,-0.900645817308,0.898958773349,0.470389527338,0.898381726497,0.968135806109,0.819,0.181
2,69,500.96,-0.904176290119,0.900547876677,0.47152625524,0.904511573565,0.968187872459,0.83,0.17
2,70,513.12,-0.876465099499,0.91918677894,0.478854689479,0.910443481014,0.951291708361,0.8498,0.1502
2,71,511.52,-0.855840518472,0.926738433996,0.474555039462,0.92011924717,0.943411766903,0.8474,0.1526
2,72,511.04,-0.871362098476,0.912325511547,0.472880791264,0.907621636054,0.947309101254,0.8462,0.1538
2,73,490.4,-0.854982475643,0.917906463311,0.458447165123,0.916826310111,0.94705722205,0.809,0.191
2,74,484.0,-0.889677505926,0.871344028394,0.467212285929,0.897110921357,0.968501287799,0.7998,0.2002
2,75,509.92,-0.903005076585,0.8715988527,0.492838777037,0.897433365863,0.971822700587,0.8442,0.1558
2,76,493.04,-0.903413339953,0.881959131271,0.493357381447,0.890586948927,0.969289551776,0.816,0.184
2,77,472.24,-0.894039504554,0.858260557971,0.489096903751,0.880521475105,0.982268817232,0.7806,0.2194
2,78,466.16,-0.887638642762,0.842448558779,0.486557548092,0.884036868874,0.9928549403,0.7694,0.2306
2,79,468.24,-0.906076415368,0.853932649166,0.4776148759,0.875692479785,0.9932075542,0.7716,0.2284
2,80,469.84,-0.912194110747,0.83831330778,0.487516980148,0.867734126339,0.996299548205,0.7762,0.2238
2,81,470.48,-0.922400512794,0.823109191557,0.493234614246,0.848610264492,0.998436470769,0.7774,0.2226
2,82,482.72,-0.911735891539,0.827241323066,0.490751301312,0.852276774068,0.992195066669,0.7974,0.2026
2,83,469.6,-0.916233091443,0.832379581704,0.49524538269,0.834199787679,0.98508196387,0.7752,0.2248
2,84,469.12,-0.89278666608,0.844499354415,0.502256160022,0.826769664747,0.987061243626,0.7742,0.2258
2,85,471.12,-0.86914919148,0.857659529158,0.511446045866,0.828418964676,0.983191285797,0.7774,0.2226
2,86,472.72,-0.838959102049,0.88695619922,0.520117221873,0.824393911686,0.978680551231,0.7802,0.2198
2,87,491.44,-0.855776651942,0.886190740669,0.511845322624,0.822027699539,0.978307099339,0.813,0.187
2,88,502.64,-0.876283215585,0.888664109532,0.507934551594,0.810939079336,0.977298438251,0.8322,0.1678
2,89,510.72,-0.85626394545,0.887385045227,0.511858697524,0.825510786995,0.956933480532,0.8464,0.1536
2,90,507.12,-0.864434696935,0.916017826898,0.512372370002,0.784381280766,0.966600136528,0.8396,0.1604
2,91,514.8,-0.863694825909,0.923631737924,0.506048005729,0.778833208071,0.974234980463,0.8532,0.1468
2,92,508.0,-0.868481686829,0.901503080126,0.507034579809,0.770854267919,0.971111916274,0.842,0.158
2,93,506.56,-0.872100791447,0.895444846898,0.512864574284,0.787081613358,0.974859550307,0.8396,0.1604
2,94,505.76,-0.864788325961,0.876703926523,0.52258772671,0.773955573764,0.966194127431,0.8376,0.1624
2,95,514.72,-0.84692538174,0.874097454794,0.522118174613,0.791879726436,0.961912987543,0.853,0.147
2,96,518.48,-0.829553483256,0.897035316687,0.526719909548,0.788084593063,0.956402766423,0.8588,0.1412
2,97,529.76,-0.839379258743,0.873720367715,0.527654251644,0.775242965848,0.962249012671,0.88,0.12
2,98,528.72,-0.8422483131,0.927219977501,0.53749325427,0.744158662682,0.965927274427,0.8774,0.1226
2,99,523.04,-0.852583103063,0.915677249154,0.533518516186,0.749444177379,0.97199520388,0.8672,0.1328
3,0,344.0,-0.0516,-0.0872,-0.0408,0.0044,0.1604,0.48,0.52
3,1,221.52,-0.00613921400006,-0.184092238214,-0.0931317728352,0.293350404309,-0.114524299137,0.316,0.684
3,2,116.0,-0.103755078382,-0.103901028695,-0.171476679014,0.296489295879,-0.294254979016,0.1712,0.8288
3,3,188.4,-0.29332059695,0.22160123755,0.00941767218822,-0.0188465667468,-0.0692902478687,0.2666,0.7334
3,4,213.92,-0.0972346347661,0.439330841831,0.17043880214,-0.246975564647,-0.131015677474,0.3104,0.6896
3,5,273.2,-0.120434524188,0.273149326194,0.235503183265,-0.561566571404,0.1153905452,0.3976,0.6024
3,6,331.52,-0.254772997807,0.0661694184467,0.125233172151,-0.532333142808,0.355515357828,0.4726,0.5274
3,7,324.56,-0.165362011446,-0.0265976189871,0.0843100929153,-0.67148204413,0.372616641112,0.4548,0.5452
3,8,351.04,-0.188736098005,-0.277669263744,-0.0618694954623,-0.776366688986,0.593211287,0.489,0.511
3,9,374.48,-0.20822125342,-0.519895461771,-0.205231917696,-0.886906950582,0.807133947343,0.512,0.488
3,10,363.04,-0.187583191055,-0.468944858053,-0.164639728618,-0.88243877642,0.760674628916,0.5,0.5
3,11,372.32,-0.207723597522,-0.519888405498,-0.194813622336,-0.886427076242,0.808910676637,0.514,0.486
3,12,376.48,-0.222730499946,-0.573063205081,-0.223303120777,-0.895086438488,0.837664266826,0.5164,0.4836
3,13,372.56,-0.242009726397,-0.617707005593,-0.250707086226,-0.901089270593,0.884713478984,0.5098,0.4902
3,14,370.16,-0.243444590569,-0.611544974222,-0.258849484539,-0.903745860791,0.83932316989,0.494,0.506
3,15,376.32,-0.254737216159,-0.599246176017,-0.258234792974,-0.896672861568,0.845642128489,0.4926,0.5074
3,16,377.92,-0.247164678089,-0.595925382869,-0.261569386614,-0.901257974768,0.809239190927,0.4916,0.5084
3,17,372.08,-0.252581044681,-0.602675983631,-0.26128189454,-0.89698146793,0.794087435946,0.4836,0.5164
3,18,368.72,-0.256339431543,-0.604428303773,-0.256148633447,-0.898614758719,0.785337532038,0.4848,0.5152
3,19,370.08,-0.249774294074,-0.618071782484,-0.261357308282,-0.899362680532,0.790410443609,0.487,0.513
3,20,366.72,-0.250578083958,-0.611191493759,-0.273776349852,-0.90132689584,0.781970312739,0.4866,0.5134
3,21,371.44,-0.252251577321,-0.60224072488,-0.281718068441,-0.896304710205,0.773471709846,0.4888,0.5112
3,22,373.12,-0.261138607837,-0.598065330775,-0.290286979908,-0.882751524911,0.770439592791,0.491,0.509
3,23,378.08,-0.271859147664,-0.595430472108,-0.274663110911,-0.862017166758,0.761954306425,0.4912,0.5088
3,24,373.52,-0.268576319344,-0.578953818677,-0.277655684875,-0.870095259746,0.749840634072,0.4828,0.5172
3,25,372.88,-0.274537390144,-0.594616913611,-0.287770713777,-0.878470744439,0.748053528389,0.4808,0.5192
3,26,373.04,-0.264210781755,-0.60375131309,-0.28463865767,-0.863785623309,0.753284410002,0.4872,0.5128
3,27,372.96,-0.268028772451,-0.600679269988,-0.286811892498,-0.884542143468,0.758401490156,0.484,0.516
3,28,371.2,-0.256193091057,-0.59942830125,-0.290407683969,-0.883051095415,0.760656610984,0.481,0.519
3,29,369.92,-0.255120398276,-0.59346145169,-0.292678033744,-0.892182370835,0.753623114261,0.4782,0.5218
3,30,367.44,-0.273822007196,-0.599426899549,-0.29793731812,-0.887016893637,0.748301471779,0.4748,0.5252
3,31,374.08,-0.29130994211,-0.61133606305,-0.293192599952,-0.870888520833,0.755304895429,0.4884,0.5116
3,32,372.48,-0.301473330968,-0.617862111764,-0.305711303372,-0.883313551774,0.734150518279,0.4796,0.5204
3,33,369.68,-0.317846552393,-0.620124482279,-0.287217685654,-0.896911536887,0.695296942819,0.4804,0.5196
3,34,371.6,-0.321201998375,-0.622029437151,-0.286607585172,-0.897442164915,0.692346455446,0.4806,0.5194
3,35,368.24,-0.311957720721,-0.617641894852,-0.290685385119,-0.890585912643,0.690183348223,0.4782,0.5218
3,36,370.4,-0.315502080982,-0.611718762927,-0.293758641733,-0.89799576172,0.69046030139,0.4776,0.5224
3,37,364.48,-0.318979051733,-0.626140297606,-0.28951642689,-0.90368723103,0.677177670095,0.4728,0.5272
3,38,369.68,-0.321215895017,-0.627507365162,-0.2938063726,-0.902245706503,0.687716982991,0.4802,0.5198
3,39,366.48,-0.323761251511,-0.637744290439,-0.301538248638,-0.886719077298,0.672338774241,0.4774,0.5226
3,40,346.08,-0.30630518973,-0.638171257173,-0.320060205531,-0.870810767654,0.641195712822,0.4602,0.5398
3,41,353.2,-0.31983662289,-0.642811165747,-0.301689167498,-0.87491104684,0.631818754843,0.4616,0.5384
3,42,351.04,-0.319699946987,-0.639587608713,-0.300577370999,-0.878087083851,0.620255669093,0.46,0.54
3,43,366.64,-0.332035455163,-0.620233871684,-0.289168160415,-0.878204893364,0.630621713226,0.4728,0.5272
3,44,359.84,-0.354950953385,-0.61182468051,-0.279437097096,-0.894638452895,0.627969986893,0.4634,0.5366
3,45,354.4,-0.366156338388,-0.610426116725,-0.277816380524,-0.902258388507,0.601312175298,0.462,0.538
3,46,358.08,-0.379061427255,-0.614356429393,-0.286940846243,-0.910047792926,0.596200557277,0.463,0.537
3,47,347.04,-0.359747375331,-0.620919204433,-0.275053474451,-0.904234273177,0.587313160965,0.4532,0.5468
3,48,361.28,-0.391033422999,-0.632534477664,-0.283235109985,-0.899942385849,0.573123675373,0.4666,0.5334
3,49,363.36,-0.404697551109,-0.616189187721,-0.284292889574,-0.891223665956,0.599690910402,0.4662,0.5338
3,50,364.4,-0.398404816984,-0.642876961985,-0.315010745292,-0.883512910231,0.553020915873,0.4702,0.5298
3,51,363.28,-0.397994422256,-0.635662893894,-0.317103153006,-0.892540200246,0.555405756054,0.4656,0.5344
3,52,358.56,-0.391831492623,-0.655271969649,-0.330369867834,-0.892758013428,0.534329616691,0.4594,0.5406
3,53,350.48,-0.405076441915,-0.647471113148,-0.32751519921,-0.896274767611,0.52954171051,0.45,0.55
3,54,362.88,-0.40676517621,-0.638213803232,-0.33864704759,-0.885547065074,0.52809804444,0.4618,0.5382
3,55,351.76,-0.415358149857,-0.621253753647,-0.37188330453,-0.880365052118,0.519841719341,0.448,0.552
3,56,349.68,-0.423975182483,-0.617012114318,-0.356477678593,-0.882455588594,0.51185840223,0.4464,0.5536
3,57,341.84,-0.463016269994,-0.607590204121,-0.37353224271,-0.891608944853,0.525768036073,0.4388,0.5612
3,58,350.4,-0.458646232864,-0.603403753038,-0.330439418873,-0.886054584586,0.519105099463,0.448,0.552
3,59,349.6,-0.466757042755,-0.614345756078,-0.345613080036,-0.884048260798,0.513299737055,0.4448,0.5552
3,60,352.0,-0.467438647242,-0.609475923324,-0.35203621311,-0.88544704385,0.510188176004,0.4506,0.5494
3,61,358.88,-0.462308395403,-0.618775032225,-0.347221572012,-0.890374339482,0.509328583566,0.458,0.542
3,62,360.88,-0.41702250433,-0.633037955549,-0.350225922345,-0.863571637534,0.485090154173,0.4612,0.5388
3,63,350.24,-0.395303285225,-0.640202827012,-0.357019029754,-0.848503860221,0.483467726098,0.446,0.554
3,64,353.44,-0.422590896546,-0.648849252273,-0.358234406184,-0.848740342841,0.479733478049,0.4522,0.5478
3,65,351.6,-0.431355453731,-0.669427555058,-0.38254290691,-0.86471947603,0.468586309458,0.4484,0.5516
3,66,346.4,-0.431480427636,-0.655556479731,-0.386008791659,-0.857918560481,0.464030698115,0.444,0.556
3,67,343.2,-0.430760162673,-0.655556479731,-0.400185576963,-0.860897029527,0.451988189002,0.4376,0.5624
3,68,330.4,-0.443503185302,-0.667437827981,-0.387580284458,-0.872165829658,0.421519746268,0.4248,0.5752
3,69,332.48,-0.444190744385,-0.669538404034,-0.383507904709,-0.867577590117,0.410148568518,0.425,0.575
3,70,338.32,-0.508707930911,-0.688037119795,-0.394550386519,-0.880007797475,0.39833072918,0.4294,0.5706
3,71,328.64,-0.519255106939,-0.689650230536,-0.404447608747,-0.881928826826,0.351008131038,0.4162,0.5838
3,72,317.68,-0.486382940247,-0.677232462382,-0.409658457453,-0.876463126521,0.350692321974,0.4034,0.5966
3,73,293.44,-0.451434253437,-0.663568785682,-0.397180069961,-0.853683360329,0.341355416078,0.3762,0.6238
3,74,312.56,-0.445943153217,-0.661553758942,-0.390980774541,-0.855082046286,0.32257114804,0.3972,0.6028
3,75,314.8,-0.463210766366,-0.665372750506,-0.391085411688,-0.885543749178,0.289747418333,0.3982,0.6018
3,76,311.12,-0.458963522161,-0.666985199453,-0.393511046563,-0.888046427408,0.273523777829,0.3938,0.6062
3,77,313.6,-0.467989625232,-0.670178023166,-0.409960800879,-0.894180279902,0.267633135235,0.398,0.602
3,78,288.32,-0.441199592841,-0.652738285411,-0.413844236551,-0.867271061644,0.252791387926,0.3666,0.6334
3,79,302.8,-0.43451287916,-0.658191300443,-0.423196059896,-0.870909628354,0.23032473982,0.3826,0.6174
3,80,316.0,-0.457076913406,-0.660351098041,-0.418591000343,-0.891103851391,0.234079830721,0.4,0.6
3,81,305.76,-0.470021422338,-0.659792743906,-0.422936900261,-0.903455959728,0.240877276469,0.387,0.613
3,82,291.76,-0.489285742887,-0.655322612421,-0.42365382358,-0.909261652533,0.250287440526,0.369,0.631
3,83,300.8,-0.446872106265,-0.641850920443,-0.412241423675,-0.903460791202,0.234629851535,0.3816,0.6184
3,84,302.8,-0.463140836825,-0.664626827673,-0.417129081075,-0.922239666381,0.238840047051,0.3826,0.6174
3,85,312.56,-0.467406908641,-0.670904297906,-0.422320123091,-0.938635307634,0.243264995032,0.3954,0.6046
3,86,294.64,-0.48489084927,-0.672634959582,-0.415339862821,-0.94434299031,0.245703143425,0.3728,0.6272
3,87,278.24,-0.528167030435,-0.677443804165,-0.414630736665,-0.955256431641,0.245963091029,0.353,0.647
3,88,302.64,-0.517750362669,-0.659773257884,-0.398344652852,-0.928636429507,0.239098647851,0.3834,0.6166
3,89,277.84,-0.555369611799,-0.658694863412,-0.403534303009,-0.940852507495,0.254250809184,0.3536,0.6464
3,90,293.6,-0.57737158763,-0.653468173095,-0.415236488575,-0.937916513765,0.244755904882,0.371,0.629
3,91,298.88,-0.515659693524,-0.609896877505,-0.418808454994,-0.921887092212,0.214658742693,0.3772,0.6228
3,92,262.08,-0.532669607918,-0.640817095581,-0.416483231287,-0.933140681726,0.205631830511,0.3324,0.6676
3,93,293.36,-0.560308100164,-0.660263467462,-0.425311906008,-0.942457655179,0.217102613508,0.3686,0.6314
3,94,279.68,-0.549477149013,-0.650895462611,-0.422035021929,-0.943064394706,0.190300191352,0.3526,0.6474
3,95,294.4,-0.574646147806,-0.669746732219,-0.422090785502,-0.953322553761,0.206517849215,0.3712,0.6288
3,96,294.16,-0.543868309711,-0.657221866382,-0.3933385006,-0.938674930088,0.214526879141,0.3714,0.6286
3,97,305.92,-0.556384875599,-0.665304816248,-0.407218728182,-0.950497089846,0.221881304991,0.3854,0.6146
3,98,292.56,-0.556319598195,-0.664067347138,-0.397536466762,-0.938110783607,0.193323951544,0.369,0.631
3,99,290.48,-0.529854736944,-0.658850934004,-0.380149656316,-0.924128343309,0.185137742378,0.3656,0.6344
4,0,252.96,-0.0388,0.1912,-0.1732,-0.1748,-0.1556,0.3326,0.6674
4,1,146.4,-0.131001711948,0.194913689168,-0.165008215582,-0.39828177396,-0.355180522998,0.189,0.811
4,2,95.52,-0.189190187833,0.00370540681905,-0.0924653811693,-0.559073829754,-0.393675367091,0.1228,0.8772
4,3,150.56,-0.396943924169,0.1099690007,-0.318783657122,-0.241162724417,-0.167540111387,0.1942,0.8058
4,4,130.16,-0.376307826259,-0.0361853080495,-0.224684590368,-0.133099008332,-0.25647697778,0.1704,0.8296
4,5,173.92,-0.490904253171,0.17797113907,-0.405252419631,-0.133392662441,-0.0218659475355,0.2266,0.7734
4,6,254.88,-0.701004908852,0.651076602525,-0.837205217413,-0.375830441774,0.447549413533,0.3348,0.6652
4,7,286.56,-0.732344430814,0.759263430399,-0.913675476482,-0.409019832747,0.540134515394,0.377,0.623
4,8,286.88,-0.670905113255,0.590704247802,-0.772717162729,-0.341248775856,0.392253918743,0.3762,0.6238
4,9,268.72,-0.667270813045,0.538860149746,-0.759108613569,-0.346659588414,0.349949219784,0.356,0.644
4,10,295.68,-0.657439340937,0.558652549793,-0.720960107148,-0.350947864297,0.3724368955,0.389,0.611
4,11,253.84,-0.645330190204,0.525497029327,-0.708229619155,-0.323653830374,0.332876233287,0.3318,0.6682
4,12,329.28,-0.749463090118,0.798293709553,-0.918650166702,-0.422975850543,0.535876694648,0.4222,0.5778
4,13,315.12,-0.714436037893,0.739895840157,-0.846486489642,-0.385175394614,0.467007157097,0.4066,0.5934
4,14,310.24,-0.700450366543,0.700611656956,-0.789236039735,-0.360007174877,0.446778319,0.402,0.598
4,15,325.04,-0.684783066294,0.616053396654,-0.721505000908,-0.319190815218,0.347846536597,0.4182,0.5818
4,16,321.2,-0.750227864311,0.72988864623,-0.840569707152,-0.386619575253,0.413877593646,0.4108,0.5892
4,17,310.08,-0.719481184938,0.662255595839,-0.779354667552,-0.36211197738,0.355954925169,0.3958,0.6042
4,18,318.88,-0.752122403817,0.724314189737,-0.848072502587,-0.392920787113,0.398739859399,0.4088,0.5912
4,19,314.8,-0.735449933087,0.665555452213,-0.784356681909,-0.363459021638,0.341527355666,0.4064,0.5936
4,20,282.0,-0.709830238682,0.655800244537,-0.769519748238,-0.356359624686,0.322548558993,0.3606,0.6394
4,21,304.8,-0.741751341748,0.745534073396,-0.886081187821,-0.414842093769,0.392715429965,0.3884,0.6116
4,22,295.44,-0.796565318637,0.812172377956,-0.958057118311,-0.454351940332,0.428977607597,0.3754,0.6246
4,23,299.2,-0.798702261417,0.802852002856,-0.960581574596,-0.447169472535,0.400536949552,0.3792,0.6208
4,24,294.88,-0.818378589427,0.807375795608,-0.960575457073,-0.45193640155,0.3835824452,0.3742,0.6258
4,25,288.8,-0.79789787673,0.801008384942,-0.956493669784,-0.442106288349,0.362167585342,0.3664,0.6336
4,26,284.88,-0.814619801086,0.806239711236,-0.963021710578,-0.444393439962,0.335964371873,0.3606,0.6394
4,27,272.48,-0.801275293417,0.78662719706,-0.965607513937,-0.438149673255,0.302335544625,0.3442,0.6558
4,28,281.12,-0.813098282265,0.793612468335,-0.973569047944,-0.434593295711,0.30191117243,0.3544,0.6456
4,29,260.32,-0.793443598612,0.76526155108,-0.964861644137,-0.419482744604,0.24467324939,0.3272,0.6728
4,30,217.04,-0.802788906999,0.780300571254,-0.956265080471,-0.420296665941,0.216506176708,0.274,0.726
4,31,222.56,-0.797483637869,0.780315725028,-0.950439732643,-0.418922647335,0.21232203749,0.2804,0.7196
4,32,221.84,-0.807155223209,0.802687193351,-0.954812032406,-0.425683860026,0.209534021477,0.2808,0.7192
4,33,219.84,-0.807114751567,0.790729823968,-0.954407951924,-0.424637903704,0.202812803079,0.2774,0.7226
4,34,226.4,-0.842036213903,0.811169080826,-0.958222751529,-0.428632217784,0.220908000194,0.2868,0.7132
4,35,222.64,-0.823811333336,0.798106529565,-0.927132665365,-0.422638953911,0.194423838029,0.2804,0.7196
4,36,233.84,-0.84067667158,0.813535517104,-0.947353330606,-0.424788479449,0.20621773231,0.2962,0.7038
4,37,251.12,-0.827905741334,0.801721537525,-0.919854238907,-0.420464306108,0.185935839474,0.3154,0.6846
4,38,219.12,-0.797172028654,0.761877865016,-0.884566030089,-0.413850271908,0.142451404026,0.2748,0.7252
4,39,221.36,-0.77740694749,0.753906059604,-0.887729205071,-0.407555483903,0.123235040365,0.2774,0.7226
4,40,189.44,-0.765915439665,0.724704798669,-0.916416492513,-0.410492632417,0.0913133695312,0.2372,0.7628
4,41,208.64,-0.761989274436,0.712775355671,-0.869939803647,-0.426576954285,0.0753322624905,0.2612,0.7388
4,42,165.6,-0.763798347466,0.713190314028,-0.860216775981,-0.42677696297,0.0609833384678,0.2082,0.7918
4,43,179.36,-0.745604911384,0.704291829197,-0.817096359603,-0.446974583508,0.069422890907,0.2248,0.7752
4,44,167.36,-0.74488336871,0.703298815129,-0.76053816784,-0.455037763374,0.0821950991919,0.21,0.79
4,45,173.28,-0.737685068409,0.700811215948,-0.734198507868,-0.460415240051,0.0839546066489,0.217,0.783
4,46,159.36,-0.738987575429,0.698830524846,-0.745415842111,-0.458792021102,0.0681669878069,0.1996,0.8004
4,47,112.56,-0.745656160892,0.693569994811,-0.738708584803,-0.451660970604,0.0631447796281,0.1412,0.8588
4,48,130.4,-0.7536161123,0.662832422907,-0.750013116793,-0.436137469774,0.0615845826661,0.1638,0.8362
4,49,149.6,-0.765798485491,0.663266236537,-0.742980646252,-0.423873601134,0.0593337840854,0.1872,0.8128
4,50,141.76,-0.754928865383,0.672983286256,-0.727932565191,-0.439840430716,0.050617923211,0.1776,0.8224
4,51,110.08,-0.725368811146,0.67612218069,-0.70521462954,-0.428556692811,0.0546885921526,0.138,0.862
4,52,116.72,-0.730771416619,0.656488623512,-0.681705127847,-0.406243192119,0.0755887517169,0.1462,0.8538
4,53,102.8,-0.745166348202,0.653262614345,-0.682867899859,-0.407762364495,0.0593521408919,0.1288,0.8712
4,54,124.72,-0.745361048609,0.665816164943,-0.688183833397,-0.442159749651,0.0386413621685,0.1564,0.8436
4,55,80.88,-0.764222746382,0.684633711469,-0.690334532165,-0.411630765546,0.0393402653459,0.1018,0.8982
4,56,97.84,-0.752514095568,0.667058664277,-0.66524510286,-0.419873530179,0.0395406157082,0.1228,0.8772
4,57,76.48,-0.756430373471,0.661598262935,-0.658814325973,-0.435193084515,-0.000655223925874,0.0956,0.9044
4,58,38.56,-0.771247173651,0.683351661238,-0.696481931829,-0.46853361261,-0.0613690909811,0.0482,0.9518
4,59,33.44,-0.747136826853,0.637045301229,-0.642743849729,-0.412810087606,-0.0206524967698,0.0418,0.9582
4,60,0.8,-0.761257143861,0.654419825321,-0.644297020812,-0.35957354142,-0.0670932387315,0.001,0.999
4,61,0.16,-0.760568854604,0.655952628313,-0.661054077137,-0.355965005379,-0.0791835841405,0.0002,0.9998
4,62,0.16,-0.761949723915,0.656672554163,-0.623381288942,-0.356373298898,-0.0874730873292,0.0002,0.9998
4,63,0.0,-0.762675424038,0.66014923346,-0.642412812095,-0.357261784005,-0.172774014854,0.0,1.0
